<!DOCTYPE html>
<html lang="" xml:lang="">
  <head>
    <title>Apresentação de Artigo</title>
    <meta charset="utf-8" />
    <meta name="author" content="Mariana Duque Funkel e Renata Raposo Del-Vecchio" />
    <meta name="date" content="2021-05-05" />
    <script src="libs/header-attrs-2.7/header-attrs.js"></script>
    <link href="libs/remark-css-0.0.1/default.css" rel="stylesheet" />
    <link href="libs/remark-css-0.0.1/default-fonts.css" rel="stylesheet" />
    <script src="libs/kePrint-0.0.1/kePrint.js"></script>
    <link href="libs/lightable-0.0.1/lightable.css" rel="stylesheet" />
  </head>
  <body>
    <textarea id="source">
class: center, middle, inverse, title-slide

# Apresentação de Artigo
## Análise do Mercado financeiro Via Medidas de Centralidade: Uma Aplicação ao ìndice DOW30 dos Estados Unidos
### Mariana Duque Funkel e Renata Raposo Del-Vecchio
### Universidade Federal Fluminense
### 05/05/2021

---










# Índice

##1. Introdução
##2. Noções Preliminares
##3. Definições de Centralidade
##4. Metodologia
##5. Análise dos resultados do índice DOW30
##6. Conclusão

---

# 1. Introdução

Grafos não direcionados são estruturas formadas por dois conjuntos chamados de vértices e arestas. Servem para modelar problemas que envolvem objetos e relações entre eles.

`$$G=(V(G),E(G))$$`
Dentre as muitas aplicações de grafos, uma delas é a análise de comportamento de ativos em uma rede de instrumentos financeiros.

.pull-left[ Boginsky et al. 2005
- Clique
- *Power Law*

Abreu et al. 2019

- Centralidade
  - *strength*
  - grau (*indegree* e *outdegree*)
]

.pull-right[ D'Errico et al. 2009
- Centralidades
  - intermediação
  - *flow betweenness*
  - grau (*indegree* e *outdegree*)
  
Tabak et al. 2010
- *cluster*
- Centralidades
  - *strength*
  - proximidade
]

---

## O índice DOW 30

- Criado em 1896
- Charles Dow
- Um dos principais indicadores da bolsa de valores dos EUA
- Composto pelas 30 empresas líderes em seu segmento de mercado

MSFT, CSCO, V, MMM, GOOG, HD, JPM, CAT, GS, UNH, RTX, BA, DIS, PFE, AMZN, AAPL, XOM, CVX, IBM, INTC, JNJ, MRK, NKE, KO, WMT, FB, MCD, PG, VZ, TSLA

---

# 2. Noções Prelimináres

Considerando G um grafo simples, não direcionado, com n vértices.

**Definição 1:** A matriz de adjacência A(G) de um grafo é uma matriz *n x n*, em que `\(a_{ij}\)` = 1, se o vértice `\(v_i\)` é adjacente ao vértice `\(v_j\)`, e `\(a_{ij} = 0\)`, caso contrário.

.pull-left[
![](apresentacao-mariana_files/figure-html/unnamed-chunk-2-1.png)&lt;!-- --&gt;
]
.pull-center[$$A(G) = $$]
.pull-right[

```
   v1 v2 v3 v4 v5
v1  0  1  1  0  0
v2  1  0  0  1  0
v3  1  0  0  1  0
v4  0  1  1  0  1
v5  0  0  0  1  0
```
]

---

**Definição 2:** A matriz de adjacência A(G) de um grafo ponderado G é uma matriz *n x n*, em que `\(a_{ij} = \sigma (v_i v_j)\)` representa o valor do peso da aresta `\(v_i v_j\)`, se `\(v_i\)` e `\(v_j\)` são adjacentes e `\(a_{ij} = 0\)` caso contrário.

.pull-left[
![](apresentacao-mariana_files/figure-html/unnamed-chunk-4-1.png)&lt;!-- --&gt;
]
.pull-center[$$A(G) = $$]
.pull-right[

```
   v1 v2 v3 v4 v5
v1  0 -3  1  0  0
v2 -3  0  0  2  0
v3  1  0  0  6  0
v4  0  2  6  0 -5
v5  0  0  0 -5  0
```
]

---

**Definição 3:** A matriz de adjacência A(G) de um *signed graph* G é uma matriz *n x n*, em que `\(a_{ij} = 1\)` ou `\(a_{ij} = -1\)`, representam uma aresta `\(v_i v_j\)` positiva ou negativa, respectivamente, se `\(v_i\)` e `\(v_j\)` são adjacentes, sendo o valor de `\(a_{ij} = 0\)` caso contrário.

.pull-left[
![](apresentacao-mariana_files/figure-html/unnamed-chunk-6-1.png)&lt;!-- --&gt;
]
.pull-center[$$A(G) = $$]
.pull-right[

```
   v1 v2 v3 v4 v5
v1  0 -1  1  0  0
v2 -1  0  0  1  0
v3  1  0  0  1  0
v4  0  1  1  0 -1
v5  0  0  0 -1  0
```
]

---

#3. Definições de Centralidade

Introduzida por Bavelas (1950). A teoria de centralidade em redes busca medir qual o vétice mais importante de uma rede modelada por grafo. existem diferentes tipos de centralidade e a escolha depende da finalidade da análise. 

No artigo foram utilizadas as centralidades de grau, autovetor e *strength* para análise de importancia das ações que compõe o índica DOW30.

### 3.1 Centralidade de Grau

Introduzida em Freeman (1979), considera que os nós com maior grau são os mais centrais. O grau mede a quantidade de arestas que um vértice possui, isto é, a quantidade de vértices a que o nó está ligado diretamente.

**Definição 4:** Seja G um grafo qualquer com *n* vértices e seja `\(v_k\)` um vértice de G. A centralidade de grau de `\(v_k\)`, denotada por `\(d(v_k)\)`, é o número de arestas incidentes a `\(v_k\)`. Isto é, `\(d(v_k) = \sum_{j=1}^na_{kj}\)` onde `\(a_{kj}\)` são elementos da matriz de adjacência A(G).

---

### 3.1 Centralidade de Grau

.pull-left[
![](apresentacao-mariana_files/figure-html/unnamed-chunk-8-1.png)&lt;!-- --&gt;
]
.pull-right[

```
   v1 v2 v3 v4 v5
v1  0  1  1  0  0
v2  1  0  0  1  0
v3  1  0  0  1  0
v4  0  1  1  0  1
v5  0  0  0  1  0
```

```
v1 v2 v3 v4 v5 
 2  2  2  3  1 
```
]

---

### 3.2 Centralidade de Força

A *strenght centrality* decorre de uma extensão da centralidade de grau, ver Barrat et al. (2004) e Newman (2001). Utilizada em grafos ponderados, calculada através da soma dos pesos das arestas de cada vértice, medindo assim a intensidade ou força do nó analisado.

**Definição 5:** Seja G um grafo ponderado com *n* vértices e seja `\(v_k\)` um vértice de G. A centralidade *strength* de `\(v_k\)`, denotada por `\(SC(v_k)\)`, é a soma dos pesos das arestas incidentes a `\(v_k\)`. Isto é, `\(SC(v_k) = \sum_{j=1}^na_{kj}\)` onde `\(a_{kj}\)` representa cada elemento da linha k da matriz com os pesos das arestas do grafo G.


.pull-left[
![](apresentacao-mariana_files/figure-html/unnamed-chunk-10-1.png)&lt;!-- --&gt;
]
.pull-right[

```
   v1 v2 v3 v4 v5
v1  0 -3  1  0  0
v2 -3  0  0  2  0
v3  1  0  0  6  0
v4  0  2  6  0 -5
v5  0  0  0 -5  0
```

```
v1 v2 v3 v4 v5 
-2 -1  7  3 -5 
```
]

---

### 3.2 Centralidade de Autovetor

Introduzida por Bonacich (1987). A centralidade de autovetor mede a importância de um vértice considerandoa relevância dos vértice vizinhos. Considerando um grafo G, com todas as restas positivas, as maiores entradas do autovetor da matriz de adjacência A(G), associado ao maior autovalor correspondem aos vértices com maior centralidade de autovetor.


**Definição 6:** Seja G um grafo conexo com *n* vértices e seja `\(v_k\)` um vértice de G. A centralidade de autovetor de `\(v_k\)` é dada por:
`$$c_{eig}(v_k) = x_k$$`
onde `\(x_k\)` é a k-ésima coordenada do autovetor positivo unitário `\(x\)` associado ao maior autovalor da matriz de adjancência A(G) do grafo, denotado por `\(\rho\)`, isto é,
`$$x_k = \frac{1}{\rho}\sum_{j=1}^na_{kj}x_j$$`$$k = 1,...,n$$
---

#4. Metodologia

Neste trabalho, foram coletados os dados diários dos preços de fechamento das ações que compõem o índice Dow 30 durante o período de janeiro de 2018 a dezembro de 2018. A partir destes valores foi calculada a variação percentual diária de cada ação, normalizando assim os valores para avaliar os dados sem impacto das diferenças da amplitude dos preços das ações.

De posse destes dados, foi calculada a correlação de cada ação em relação às demais ações componentes do índice analisado, formando assim uma matriz de correlações de dimensão 30 x 30. Esta matriz pode ser vista como a matriz do grafo ponderado das ações, onde o peso de cada aresta é dado pela correlação entre as ações correspondentes. Estes dados foram utilizados para análise da centralidade strength das ações.

---

&lt;img src="apresentacao-mariana_files/figure-html/unnamed-chunk-12-1.png" style="display: block; margin: auto;" /&gt;

```
$r
      MCD    VZ   KO   PG  WMT  JNJ  PFE  MRK TSLA    FB  XOM  CVX  NKE  DIS
MCD  1.00 0.370 0.43 0.34 0.36 0.39 0.37 0.37 0.20 0.220 0.35 0.37 0.26 0.33
VZ   0.37 1.000 0.57 0.48 0.38 0.45 0.39 0.40 0.13 0.077 0.27 0.30 0.21 0.32
KO   0.43 0.570 1.00 0.66 0.44 0.56 0.54 0.55 0.20 0.160 0.41 0.34 0.38 0.39
PG   0.34 0.480 0.66 1.00 0.39 0.45 0.41 0.40 0.19 0.100 0.32 0.27 0.24 0.35
WMT  0.36 0.380 0.44 0.39 1.00 0.40 0.42 0.42 0.24 0.150 0.39 0.35 0.34 0.40
JNJ  0.39 0.450 0.56 0.45 0.40 1.00 0.62 0.59 0.18 0.200 0.44 0.41 0.34 0.39
PFE  0.37 0.390 0.54 0.41 0.42 0.62 1.00 0.63 0.17 0.270 0.47 0.46 0.40 0.53
MRK  0.37 0.400 0.55 0.40 0.42 0.59 0.63 1.00 0.16 0.220 0.44 0.37 0.35 0.42
TSLA 0.20 0.130 0.20 0.19 0.24 0.18 0.17 0.16 1.00 0.280 0.29 0.26 0.32 0.30
FB   0.22 0.077 0.16 0.10 0.15 0.20 0.27 0.22 0.28 1.000 0.34 0.35 0.28 0.34
XOM  0.35 0.270 0.41 0.32 0.39 0.44 0.47 0.44 0.29 0.340 1.00 0.74 0.39 0.54
CVX  0.37 0.300 0.34 0.27 0.35 0.41 0.46 0.37 0.26 0.350 0.74 1.00 0.39 0.46
NKE  0.26 0.210 0.38 0.24 0.34 0.34 0.40 0.35 0.32 0.280 0.39 0.39 1.00 0.46
DIS  0.33 0.320 0.39 0.35 0.40 0.39 0.53 0.42 0.30 0.340 0.54 0.46 0.46 1.00
UNH  0.40 0.380 0.41 0.29 0.43 0.47 0.57 0.50 0.28 0.290 0.48 0.49 0.44 0.54
IBM  0.29 0.290 0.38 0.27 0.34 0.35 0.47 0.44 0.27 0.340 0.39 0.41 0.40 0.50
INTC 0.20 0.230 0.31 0.20 0.28 0.35 0.48 0.38 0.30 0.410 0.40 0.38 0.45 0.49
AAPL 0.28 0.110 0.23 0.24 0.30 0.32 0.43 0.35 0.32 0.450 0.44 0.41 0.41 0.54
CSCO 0.33 0.300 0.36 0.29 0.42 0.49 0.58 0.50 0.36 0.420 0.53 0.54 0.52 0.56
AMZN 0.21 0.068 0.19 0.12 0.27 0.29 0.42 0.27 0.36 0.580 0.38 0.43 0.46 0.48
GOOG 0.27 0.160 0.28 0.19 0.26 0.39 0.44 0.40 0.34 0.620 0.51 0.49 0.47 0.58
MSFT 0.29 0.270 0.35 0.25 0.34 0.42 0.55 0.43 0.39 0.550 0.48 0.53 0.53 0.58
V    0.31 0.160 0.32 0.26 0.34 0.40 0.53 0.42 0.37 0.570 0.50 0.50 0.51 0.57
JPM  0.34 0.300 0.39 0.26 0.35 0.46 0.52 0.43 0.30 0.380 0.53 0.55 0.42 0.51
GS   0.33 0.270 0.33 0.27 0.36 0.44 0.46 0.43 0.28 0.440 0.51 0.52 0.39 0.56
MMM  0.35 0.280 0.54 0.38 0.41 0.55 0.62 0.57 0.26 0.350 0.56 0.54 0.48 0.57
CAT  0.26 0.130 0.36 0.24 0.33 0.38 0.45 0.39 0.26 0.410 0.58 0.59 0.49 0.50
HD   0.37 0.340 0.47 0.38 0.46 0.44 0.52 0.38 0.31 0.430 0.48 0.51 0.52 0.49
RTX  0.33 0.260 0.41 0.31 0.39 0.41 0.46 0.37 0.34 0.360 0.49 0.44 0.44 0.48
BA   0.28 0.210 0.32 0.28 0.40 0.40 0.41 0.33 0.28 0.320 0.50 0.51 0.46 0.42
      UNH  IBM INTC AAPL CSCO  AMZN GOOG MSFT    V  JPM   GS  MMM  CAT   HD
MCD  0.40 0.29 0.20 0.28 0.33 0.210 0.27 0.29 0.31 0.34 0.33 0.35 0.26 0.37
VZ   0.38 0.29 0.23 0.11 0.30 0.068 0.16 0.27 0.16 0.30 0.27 0.28 0.13 0.34
KO   0.41 0.38 0.31 0.23 0.36 0.190 0.28 0.35 0.32 0.39 0.33 0.54 0.36 0.47
PG   0.29 0.27 0.20 0.24 0.29 0.120 0.19 0.25 0.26 0.26 0.27 0.38 0.24 0.38
WMT  0.43 0.34 0.28 0.30 0.42 0.270 0.26 0.34 0.34 0.35 0.36 0.41 0.33 0.46
JNJ  0.47 0.35 0.35 0.32 0.49 0.290 0.39 0.42 0.40 0.46 0.44 0.55 0.38 0.44
PFE  0.57 0.47 0.48 0.43 0.58 0.420 0.44 0.55 0.53 0.52 0.46 0.62 0.45 0.52
MRK  0.50 0.44 0.38 0.35 0.50 0.270 0.40 0.43 0.42 0.43 0.43 0.57 0.39 0.38
TSLA 0.28 0.27 0.30 0.32 0.36 0.360 0.34 0.39 0.37 0.30 0.28 0.26 0.26 0.31
FB   0.29 0.34 0.41 0.45 0.42 0.580 0.62 0.55 0.57 0.38 0.44 0.35 0.41 0.43
XOM  0.48 0.39 0.40 0.44 0.53 0.380 0.51 0.48 0.50 0.53 0.51 0.56 0.58 0.48
CVX  0.49 0.41 0.38 0.41 0.54 0.430 0.49 0.53 0.50 0.55 0.52 0.54 0.59 0.51
NKE  0.44 0.40 0.45 0.41 0.52 0.460 0.47 0.53 0.51 0.42 0.39 0.48 0.49 0.52
DIS  0.54 0.50 0.49 0.54 0.56 0.480 0.58 0.58 0.57 0.51 0.56 0.57 0.50 0.49
UNH  1.00 0.57 0.46 0.53 0.57 0.540 0.57 0.63 0.61 0.54 0.51 0.58 0.51 0.56
IBM  0.57 1.00 0.45 0.48 0.58 0.470 0.55 0.59 0.59 0.49 0.41 0.53 0.49 0.53
INTC 0.46 0.45 1.00 0.53 0.63 0.500 0.58 0.63 0.57 0.49 0.48 0.56 0.52 0.49
AAPL 0.53 0.48 0.53 1.00 0.65 0.660 0.68 0.70 0.70 0.52 0.57 0.50 0.52 0.50
CSCO 0.57 0.58 0.63 0.65 1.00 0.690 0.71 0.78 0.76 0.63 0.64 0.66 0.62 0.58
AMZN 0.54 0.47 0.50 0.66 0.69 1.000 0.75 0.77 0.78 0.51 0.56 0.51 0.57 0.56
GOOG 0.57 0.55 0.58 0.68 0.71 0.750 1.00 0.82 0.81 0.60 0.65 0.63 0.65 0.57
MSFT 0.63 0.59 0.63 0.70 0.78 0.770 0.82 1.00 0.85 0.61 0.65 0.64 0.62 0.61
V    0.61 0.59 0.57 0.70 0.76 0.780 0.81 0.85 1.00 0.60 0.64 0.61 0.66 0.67
JPM  0.54 0.49 0.49 0.52 0.63 0.510 0.60 0.61 0.60 1.00 0.80 0.64 0.63 0.56
GS   0.51 0.41 0.48 0.57 0.64 0.560 0.65 0.65 0.64 0.80 1.00 0.65 0.63 0.55
MMM  0.58 0.53 0.56 0.50 0.66 0.510 0.63 0.64 0.61 0.64 0.65 1.00 0.76 0.59
CAT  0.51 0.49 0.52 0.52 0.62 0.570 0.65 0.62 0.66 0.63 0.63 0.76 1.00 0.60
HD   0.56 0.53 0.49 0.50 0.58 0.560 0.57 0.61 0.67 0.56 0.55 0.59 0.60 1.00
RTX  0.52 0.50 0.45 0.50 0.55 0.510 0.59 0.58 0.58 0.54 0.56 0.62 0.61 0.57
BA   0.56 0.46 0.45 0.53 0.59 0.560 0.58 0.59 0.63 0.57 0.55 0.61 0.67 0.57
      RTX   BA
MCD  0.33 0.28
VZ   0.26 0.21
KO   0.41 0.32
PG   0.31 0.28
WMT  0.39 0.40
JNJ  0.41 0.40
PFE  0.46 0.41
MRK  0.37 0.33
TSLA 0.34 0.28
FB   0.36 0.32
XOM  0.49 0.50
CVX  0.44 0.51
NKE  0.44 0.46
DIS  0.48 0.42
UNH  0.52 0.56
IBM  0.50 0.46
INTC 0.45 0.45
AAPL 0.50 0.53
CSCO 0.55 0.59
AMZN 0.51 0.56
GOOG 0.59 0.58
MSFT 0.58 0.59
V    0.58 0.63
JPM  0.54 0.57
GS   0.56 0.55
MMM  0.62 0.61
CAT  0.61 0.67
HD   0.57 0.57
RTX  1.00 0.60
BA   0.60 1.00

$p
         MCD      VZ      KO      PG     WMT     JNJ     PFE     MRK    TSLA
MCD  0.0e+00 1.1e-09 1.3e-12 4.0e-08 5.3e-09 1.0e-10 2.1e-09 2.5e-09 1.5e-03
VZ   1.1e-09 0.0e+00 1.7e-22 1.1e-15 8.8e-10 5.2e-14 1.2e-10 5.9e-11 3.5e-02
KO   1.3e-12 1.7e-22 0.0e+00 7.8e-33 4.6e-13 2.2e-22 5.2e-20 9.3e-21 1.3e-03
PG   4.0e-08 1.1e-15 7.8e-33 0.0e+00 1.3e-10 6.1e-14 1.9e-11 7.9e-11 2.3e-03
WMT  5.3e-09 8.8e-10 4.6e-13 1.3e-10 0.0e+00 4.2e-11 3.0e-12 3.0e-12 1.3e-04
JNJ  1.0e-10 5.2e-14 2.2e-22 6.1e-14 4.2e-11 0.0e+00 1.0e-27 7.7e-25 3.9e-03
PFE  2.1e-09 1.2e-10 5.2e-20 1.9e-11 3.0e-12 1.0e-27 0.0e+00 2.9e-29 7.3e-03
MRK  2.5e-09 5.9e-11 9.3e-21 7.9e-11 3.0e-12 7.7e-25 2.9e-29 0.0e+00 9.5e-03
TSLA 1.5e-03 3.5e-02 1.3e-03 2.3e-03 1.3e-04 3.9e-03 7.3e-03 9.5e-03 0.0e+00
FB   4.1e-04 2.3e-01 1.1e-02 1.1e-01 1.5e-02 1.7e-03 1.2e-05 3.7e-04 9.4e-06
XOM  2.1e-08 1.4e-05 1.5e-11 2.2e-07 1.1e-10 4.7e-13 3.2e-15 3.2e-13 3.2e-06
CVX  2.6e-09 1.1e-06 5.9e-08 1.2e-05 1.2e-08 2.5e-11 2.9e-14 1.8e-09 2.6e-05
NKE  4.2e-05 6.4e-04 8.0e-10 1.1e-04 5.0e-08 3.0e-08 5.3e-11 9.7e-09 2.4e-07
DIS  7.5e-08 2.9e-07 2.3e-10 9.7e-09 3.8e-11 1.3e-10 2.8e-19 5.9e-12 1.6e-06
UNH  5.9e-11 5.3e-10 2.6e-11 2.9e-06 1.6e-12 2.9e-15 3.4e-23 4.5e-17 8.8e-06
IBM  2.2e-06 3.0e-06 7.4e-10 1.3e-05 4.3e-08 2.2e-08 3.7e-15 5.5e-13 2.2e-05
INTC 1.4e-03 2.1e-04 8.9e-07 1.2e-03 6.9e-06 1.9e-08 9.2e-16 5.2e-10 1.8e-06
AAPL 7.2e-06 7.1e-02 2.9e-04 1.4e-04 9.6e-07 3.1e-07 9.0e-13 9.6e-09 2.8e-07
CSCO 1.3e-07 1.2e-06 4.3e-09 3.2e-06 7.0e-12 1.0e-16 2.0e-23 6.7e-17 8.1e-09
AMZN 1.0e-03 2.9e-01 3.1e-03 5.1e-02 1.3e-05 4.3e-06 7.3e-12 1.4e-05 6.7e-09
GOOG 1.9e-05 9.8e-03 9.8e-06 2.1e-03 3.7e-05 3.1e-10 1.8e-13 8.4e-11 3.7e-08
MSFT 2.5e-06 1.7e-05 9.5e-09 6.5e-05 3.7e-08 3.7e-12 3.6e-21 1.5e-12 1.7e-10
V    6.7e-07 1.4e-02 3.6e-07 2.7e-05 3.3e-08 4.2e-11 3.4e-19 4.5e-12 1.4e-09
JPM  4.9e-08 1.0e-06 2.9e-10 4.1e-05 1.5e-08 2.5e-14 2.0e-18 1.1e-12 1.8e-06
GS   1.3e-07 2.1e-05 9.8e-08 1.3e-05 6.2e-09 5.9e-13 3.0e-14 7.8e-13 9.3e-06
MMM  1.3e-08 8.0e-06 2.9e-20 5.5e-10 1.2e-11 2.6e-21 1.6e-27 9.5e-23 2.8e-05
CAT  3.0e-05 3.4e-02 5.9e-09 1.4e-04 7.2e-08 9.6e-10 9.1e-14 1.2e-10 3.8e-05
HD   1.6e-09 4.4e-08 3.6e-15 4.3e-10 1.6e-14 2.4e-13 2.2e-18 4.0e-10 5.5e-07
RTX  9.6e-08 3.3e-05 1.0e-11 4.0e-07 1.0e-10 1.6e-11 1.8e-14 2.7e-09 4.6e-08
BA   6.1e-06 8.6e-04 2.8e-07 6.3e-06 9.7e-11 3.0e-11 2.4e-11 1.0e-07 9.0e-06
          FB     XOM     CVX     NKE     DIS     UNH     IBM    INTC    AAPL
MCD  4.1e-04 2.1e-08 2.6e-09 4.2e-05 7.5e-08 5.9e-11 2.2e-06 1.4e-03 7.2e-06
VZ   2.3e-01 1.4e-05 1.1e-06 6.4e-04 2.9e-07 5.3e-10 3.0e-06 2.1e-04 7.1e-02
KO   1.1e-02 1.5e-11 5.9e-08 8.0e-10 2.3e-10 2.6e-11 7.4e-10 8.9e-07 2.9e-04
PG   1.1e-01 2.2e-07 1.2e-05 1.1e-04 9.7e-09 2.9e-06 1.3e-05 1.2e-03 1.4e-04
WMT  1.5e-02 1.1e-10 1.2e-08 5.0e-08 3.8e-11 1.6e-12 4.3e-08 6.9e-06 9.6e-07
JNJ  1.7e-03 4.7e-13 2.5e-11 3.0e-08 1.3e-10 2.9e-15 2.2e-08 1.9e-08 3.1e-07
PFE  1.2e-05 3.2e-15 2.9e-14 5.3e-11 2.8e-19 3.4e-23 3.7e-15 9.2e-16 9.0e-13
MRK  3.7e-04 3.2e-13 1.8e-09 9.7e-09 5.9e-12 4.5e-17 5.5e-13 5.2e-10 9.6e-09
TSLA 9.4e-06 3.2e-06 2.6e-05 2.4e-07 1.6e-06 8.8e-06 2.2e-05 1.8e-06 2.8e-07
FB   0.0e+00 6.0e-08 1.4e-08 9.2e-06 4.0e-08 2.3e-06 4.8e-08 9.5e-12 1.5e-13
XOM  6.0e-08 0.0e+00 2.1e-44 1.0e-10 3.9e-20 1.2e-15 2.6e-10 4.2e-11 5.2e-13
CVX  1.4e-08 2.1e-44 0.0e+00 1.4e-10 3.7e-14 1.4e-16 1.7e-11 3.7e-10 1.6e-11
NKE  9.2e-06 1.0e-10 1.4e-10 0.0e+00 2.6e-14 2.8e-13 8.5e-11 5.2e-14 1.6e-11
DIS  4.0e-08 3.9e-20 3.7e-14 2.6e-14 0.0e+00 1.7e-20 3.7e-17 1.3e-16 6.1e-20
UNH  2.3e-06 1.2e-15 1.4e-16 2.8e-13 1.7e-20 0.0e+00 1.0e-22 1.6e-14 2.0e-19
IBM  4.8e-08 2.6e-10 1.7e-11 8.5e-11 3.7e-17 1.0e-22 0.0e+00 5.6e-14 5.5e-16
INTC 9.5e-12 4.2e-11 3.7e-10 5.2e-14 1.3e-16 1.6e-14 5.6e-14 0.0e+00 2.3e-19
AAPL 1.5e-13 5.2e-13 1.6e-11 1.6e-11 6.1e-20 2.0e-19 5.5e-16 2.3e-19 0.0e+00
CSCO 2.5e-12 1.9e-19 6.1e-20 8.1e-19 3.5e-22 8.2e-23 3.2e-24 2.0e-29 1.4e-31
AMZN 7.4e-24 4.6e-10 1.1e-12 1.5e-14 2.0e-15 7.4e-20 6.9e-15 7.8e-17 1.3e-32
GOOG 4.0e-28 1.2e-17 1.6e-16 3.5e-15 1.9e-23 4.3e-23 1.7e-21 1.1e-23 3.5e-35
MSFT 3.9e-21 5.5e-16 8.8e-20 1.3e-19 5.2e-24 1.3e-28 6.6e-25 3.5e-29 2.6e-37
V    3.9e-23 4.4e-17 2.0e-17 7.5e-18 1.9e-22 5.5e-27 2.1e-24 3.1e-23 2.9e-38
JPM  4.0e-10 2.3e-19 1.1e-20 7.8e-12 3.2e-18 2.1e-20 1.9e-16 2.0e-16 2.0e-18
GS   4.4e-13 3.8e-18 1.9e-18 1.1e-10 8.7e-22 8.8e-18 1.3e-11 1.3e-15 1.8e-22
MMM  9.4e-09 3.5e-22 6.3e-20 1.9e-15 3.4e-23 2.1e-23 2.8e-19 2.2e-22 2.2e-17
CAT  1.8e-11 3.1e-24 2.0e-24 1.3e-16 2.5e-17 3.8e-18 2.6e-16 5.9e-19 1.3e-18
HD   1.1e-12 4.7e-16 8.2e-18 4.9e-19 3.1e-16 9.6e-22 1.9e-19 1.0e-16 1.9e-17
RTX  3.0e-09 2.2e-16 2.5e-13 3.2e-13 8.5e-16 2.6e-18 3.0e-17 6.8e-14 2.6e-17
BA   2.2e-07 1.7e-17 6.4e-18 3.5e-14 3.0e-12 7.3e-22 3.0e-14 5.6e-14 4.0e-19
        CSCO    AMZN    GOOG    MSFT       V     JPM      GS     MMM     CAT
MCD  1.3e-07 1.0e-03 1.9e-05 2.5e-06 6.7e-07 4.9e-08 1.3e-07 1.3e-08 3.0e-05
VZ   1.2e-06 2.9e-01 9.8e-03 1.7e-05 1.4e-02 1.0e-06 2.1e-05 8.0e-06 3.4e-02
KO   4.3e-09 3.1e-03 9.8e-06 9.5e-09 3.6e-07 2.9e-10 9.8e-08 2.9e-20 5.9e-09
PG   3.2e-06 5.1e-02 2.1e-03 6.5e-05 2.7e-05 4.1e-05 1.3e-05 5.5e-10 1.4e-04
WMT  7.0e-12 1.3e-05 3.7e-05 3.7e-08 3.3e-08 1.5e-08 6.2e-09 1.2e-11 7.2e-08
JNJ  1.0e-16 4.3e-06 3.1e-10 3.7e-12 4.2e-11 2.5e-14 5.9e-13 2.6e-21 9.6e-10
PFE  2.0e-23 7.3e-12 1.8e-13 3.6e-21 3.4e-19 2.0e-18 3.0e-14 1.6e-27 9.1e-14
MRK  6.7e-17 1.4e-05 8.4e-11 1.5e-12 4.5e-12 1.1e-12 7.8e-13 9.5e-23 1.2e-10
TSLA 8.1e-09 6.7e-09 3.7e-08 1.7e-10 1.4e-09 1.8e-06 9.3e-06 2.8e-05 3.8e-05
FB   2.5e-12 7.4e-24 4.0e-28 3.9e-21 3.9e-23 4.0e-10 4.4e-13 9.4e-09 1.8e-11
XOM  1.9e-19 4.6e-10 1.2e-17 5.5e-16 4.4e-17 2.3e-19 3.8e-18 3.5e-22 3.1e-24
CVX  6.1e-20 1.1e-12 1.6e-16 8.8e-20 2.0e-17 1.1e-20 1.9e-18 6.3e-20 2.0e-24
NKE  8.1e-19 1.5e-14 3.5e-15 1.3e-19 7.5e-18 7.8e-12 1.1e-10 1.9e-15 1.3e-16
DIS  3.5e-22 2.0e-15 1.9e-23 5.2e-24 1.9e-22 3.2e-18 8.7e-22 3.4e-23 2.5e-17
UNH  8.2e-23 7.4e-20 4.3e-23 1.3e-28 5.5e-27 2.1e-20 8.8e-18 2.1e-23 3.8e-18
IBM  3.2e-24 6.9e-15 1.7e-21 6.6e-25 2.1e-24 1.9e-16 1.3e-11 2.8e-19 2.6e-16
INTC 2.0e-29 7.8e-17 1.1e-23 3.5e-29 3.1e-23 2.0e-16 1.3e-15 2.2e-22 5.9e-19
AAPL 1.4e-31 1.3e-32 3.5e-35 2.6e-37 2.9e-38 2.0e-18 1.8e-22 2.2e-17 1.3e-18
CSCO 0.0e+00 1.7e-36 3.2e-40 4.7e-53 1.3e-48 7.2e-29 1.5e-29 5.2e-33 1.3e-27
AMZN 1.7e-36 0.0e+00 1.9e-46 6.3e-51 5.0e-52 8.3e-18 4.7e-22 3.3e-18 9.2e-23
GOOG 3.2e-40 1.9e-46 0.0e+00 7.6e-63 5.8e-58 5.6e-26 2.1e-31 9.4e-29 4.4e-31
MSFT 4.7e-53 6.3e-51 7.6e-63 0.0e+00 3.5e-70 5.1e-27 2.4e-31 2.7e-30 2.3e-28
V    1.3e-48 5.0e-52 5.8e-58 3.5e-70 0.0e+00 2.7e-25 2.0e-30 1.2e-26 6.7e-32
JPM  7.2e-29 8.3e-18 5.6e-26 5.1e-27 2.7e-25 0.0e+00 7.4e-57 1.8e-30 6.8e-29
GS   1.5e-29 4.7e-22 2.1e-31 2.4e-31 2.0e-30 7.4e-57 0.0e+00 9.4e-31 3.8e-29
MMM  5.2e-33 3.3e-18 9.4e-29 2.7e-30 1.2e-26 1.8e-30 9.4e-31 0.0e+00 1.7e-48
CAT  1.3e-27 9.2e-23 4.4e-31 2.3e-28 6.7e-32 6.8e-29 3.8e-29 1.7e-48 0.0e+00
HD   9.4e-24 5.3e-22 8.9e-23 3.7e-27 9.9e-34 4.2e-22 2.2e-21 2.8e-24 2.9e-25
RTX  8.1e-21 3.1e-18 6.2e-25 2.5e-23 5.9e-24 6.8e-20 1.2e-21 3.3e-28 1.1e-26
BA   1.9e-24 1.0e-21 3.8e-24 6.1e-25 1.8e-29 5.7e-23 2.9e-21 2.1e-26 6.3e-34
          HD     RTX      BA
MCD  1.6e-09 9.6e-08 6.1e-06
VZ   4.4e-08 3.3e-05 8.6e-04
KO   3.6e-15 1.0e-11 2.8e-07
PG   4.3e-10 4.0e-07 6.3e-06
WMT  1.6e-14 1.0e-10 9.7e-11
JNJ  2.4e-13 1.6e-11 3.0e-11
PFE  2.2e-18 1.8e-14 2.4e-11
MRK  4.0e-10 2.7e-09 1.0e-07
TSLA 5.5e-07 4.6e-08 9.0e-06
FB   1.1e-12 3.0e-09 2.2e-07
XOM  4.7e-16 2.2e-16 1.7e-17
CVX  8.2e-18 2.5e-13 6.4e-18
NKE  4.9e-19 3.2e-13 3.5e-14
DIS  3.1e-16 8.5e-16 3.0e-12
UNH  9.6e-22 2.6e-18 7.3e-22
IBM  1.9e-19 3.0e-17 3.0e-14
INTC 1.0e-16 6.8e-14 5.6e-14
AAPL 1.9e-17 2.6e-17 4.0e-19
CSCO 9.4e-24 8.1e-21 1.9e-24
AMZN 5.3e-22 3.1e-18 1.0e-21
GOOG 8.9e-23 6.2e-25 3.8e-24
MSFT 3.7e-27 2.5e-23 6.1e-25
V    9.9e-34 5.9e-24 1.8e-29
JPM  4.2e-22 6.8e-20 5.7e-23
GS   2.2e-21 1.2e-21 2.9e-21
MMM  2.8e-24 3.3e-28 2.1e-26
CAT  2.9e-25 1.1e-26 6.3e-34
HD   0.0e+00 3.5e-23 1.1e-22
RTX  3.5e-23 0.0e+00 4.9e-26
BA   1.1e-22 4.9e-26 0.0e+00

$sym
     MCD VZ KO PG WMT JNJ PFE MRK TSLA FB XOM CVX NKE DIS UNH IBM INTC AAPL
MCD  1                                                                     
VZ   .   1                                                                 
KO   .   .  1                                                              
PG   .   .  ,  1                                                           
WMT  .   .  .  .  1                                                        
JNJ  .   .  .  .  .   1                                                    
PFE  .   .  .  .  .   ,   1                                                
MRK  .   .  .  .  .   .   ,   1                                            
TSLA                              1                                        
FB                                     1                                   
XOM  .      .  .  .   .   .   .        .  1                                
CVX  .      .     .   .   .   .        .  ,   1                            
NKE         .     .   .   .   .   .       .   .   1                        
DIS  .   .  .  .  .   .   .   .        .  .   .   .   1                    
UNH  .   .  .     .   .   .   .           .   .   .   .   1                
IBM         .     .   .   .   .        .  .   .   .   .   .   1            
INTC        .         .   .   .        .  .   .   .   .   .   .   1        
AAPL                  .   .   .   .    .  .   .   .   .   .   .   .    1   
CSCO .      .     .   .   .   .   .    .  .   .   .   .   .   .   ,    ,   
AMZN                      .       .    .  .   .   .   .   .   .   .    ,   
GOOG                  .   .   .   .    ,  .   .   .   .   .   .   .    ,   
MSFT        .     .   .   .   .   .    .  .   .   .   .   ,   .   ,    ,   
V    .      .     .   .   .   .   .    .  .   .   .   .   ,   .   .    ,   
JPM  .      .     .   .   .   .        .  .   .   .   .   .   .   .    .   
GS   .      .     .   .   .   .        .  .   .   .   .   .   .   .    .   
MMM  .      .  .  .   .   ,   .        .  .   .   .   .   .   .   .    .   
CAT         .     .   .   .   .        .  .   .   .   .   .   .   .    .   
HD   .   .  .  .  .   .   .   .   .    .  .   .   .   .   .   .   .    .   
RTX  .      .  .  .   .   .   .   .    .  .   .   .   .   .   .   .    .   
BA          .     .   .   .   .        .  .   .   .   .   .   .   .    .   
     CSCO AMZN GOOG MSFT V JPM GS MMM CAT HD RTX BA
MCD                                                
VZ                                                 
KO                                                 
PG                                                 
WMT                                                
JNJ                                                
PFE                                                
MRK                                                
TSLA                                               
FB                                                 
XOM                                                
CVX                                                
NKE                                                
DIS                                                
UNH                                                
IBM                                                
INTC                                               
AAPL                                               
CSCO 1                                             
AMZN ,    1                                        
GOOG ,    ,    1                                   
MSFT ,    ,    +    1                              
V    ,    ,    +    +    1                         
JPM  ,    .    .    ,    . 1                       
GS   ,    .    ,    ,    , ,   1                   
MMM  ,    .    ,    ,    , ,   ,  1                
CAT  ,    .    ,    ,    , ,   ,  ,   1            
HD   .    .    .    ,    , .   .  .   .   1        
RTX  .    .    .    .    . .   .  ,   ,   .  1     
BA   .    .    .    .    , .   .  ,   ,   .  .   1 
attr(,"legend")
[1] 0 ' ' 0.3 '.' 0.6 ',' 0.8 '+' 0.9 '*' 0.95 'B' 1
```

---

###4.1 Fator de Relevância

Para utilizar as outras medidas de centralidade foi necessário transformar a matriz de correlações em uma matriz de adjacência de um grafo com sinal. Para tal foram criados dois parâmetros denominados “fator de relevância positivo” e “fator de relevância negativo”.

Se `\(a_{kj} &gt; FR+\)` então `\(a_{kj} = 1\)`, senão `\(a_{kj} = 0\)`

Se `\(a_{kj} &lt; FR-\)` então `\(a_{kj} = -1\)`, senão `\(a_{kj} = 0\)`

`\(FR+ =\)` 0.4423333

---

#5. Análise dos resultados do índice DOW30

- Considerando primeiro a matriz de correlações, que corresponde a um grafo completo ponderado.

.pull-center[
&lt;div style="border: 1px solid #ddd; padding: 0px; overflow-y: scroll; height:350px; overflow-x: scroll; width:700px; "&gt;&lt;table class=" lightable-paper" style='font-family: "Arial Narrow", arial, helvetica, sans-serif; margin-left: auto; margin-right: auto;'&gt;
 &lt;thead&gt;
  &lt;tr&gt;
   &lt;th style="text-align:center;position: sticky; top:0; background-color: #FFFFFF;"&gt; Código da Ação &lt;/th&gt;
   &lt;th style="text-align:center;position: sticky; top:0; background-color: #FFFFFF;"&gt; Centralidade Strength &lt;/th&gt;
  &lt;/tr&gt;
 &lt;/thead&gt;
&lt;tbody&gt;
  &lt;tr&gt;
   &lt;td style="text-align:center;"&gt; MSFT &lt;/td&gt;
   &lt;td style="text-align:center;"&gt; 16.03 &lt;/td&gt;
  &lt;/tr&gt;
  &lt;tr&gt;
   &lt;td style="text-align:center;"&gt; CSCO &lt;/td&gt;
   &lt;td style="text-align:center;"&gt; 15.84 &lt;/td&gt;
  &lt;/tr&gt;
  &lt;tr&gt;
   &lt;td style="text-align:center;"&gt; V &lt;/td&gt;
   &lt;td style="text-align:center;"&gt; 15.82 &lt;/td&gt;
  &lt;/tr&gt;
  &lt;tr&gt;
   &lt;td style="text-align:center;"&gt; MMM &lt;/td&gt;
   &lt;td style="text-align:center;"&gt; 15.55 &lt;/td&gt;
  &lt;/tr&gt;
  &lt;tr&gt;
   &lt;td style="text-align:center;"&gt; GOOG &lt;/td&gt;
   &lt;td style="text-align:center;"&gt; 15.14 &lt;/td&gt;
  &lt;/tr&gt;
  &lt;tr&gt;
   &lt;td style="text-align:center;"&gt; HD &lt;/td&gt;
   &lt;td style="text-align:center;"&gt; 14.61 &lt;/td&gt;
  &lt;/tr&gt;
  &lt;tr&gt;
   &lt;td style="text-align:center;"&gt; JPM &lt;/td&gt;
   &lt;td style="text-align:center;"&gt; 14.47 &lt;/td&gt;
  &lt;/tr&gt;
  &lt;tr&gt;
   &lt;td style="text-align:center;"&gt; GS &lt;/td&gt;
   &lt;td style="text-align:center;"&gt; 14.44 &lt;/td&gt;
  &lt;/tr&gt;
  &lt;tr&gt;
   &lt;td style="text-align:center;"&gt; CAT &lt;/td&gt;
   &lt;td style="text-align:center;"&gt; 14.43 &lt;/td&gt;
  &lt;/tr&gt;
  &lt;tr&gt;
   &lt;td style="text-align:center;"&gt; UNH &lt;/td&gt;
   &lt;td style="text-align:center;"&gt; 14.23 &lt;/td&gt;
  &lt;/tr&gt;
  &lt;tr&gt;
   &lt;td style="text-align:center;"&gt; RTX &lt;/td&gt;
   &lt;td style="text-align:center;"&gt; 13.77 &lt;/td&gt;
  &lt;/tr&gt;
  &lt;tr&gt;
   &lt;td style="text-align:center;"&gt; BA &lt;/td&gt;
   &lt;td style="text-align:center;"&gt; 13.64 &lt;/td&gt;
  &lt;/tr&gt;
  &lt;tr&gt;
   &lt;td style="text-align:center;"&gt; DIS &lt;/td&gt;
   &lt;td style="text-align:center;"&gt; 13.60 &lt;/td&gt;
  &lt;/tr&gt;
  &lt;tr&gt;
   &lt;td style="text-align:center;"&gt; PFE &lt;/td&gt;
   &lt;td style="text-align:center;"&gt; 13.59 &lt;/td&gt;
  &lt;/tr&gt;
  &lt;tr&gt;
   &lt;td style="text-align:center;"&gt; AMZN &lt;/td&gt;
   &lt;td style="text-align:center;"&gt; 13.47 &lt;/td&gt;
  &lt;/tr&gt;
  &lt;tr&gt;
   &lt;td style="text-align:center;"&gt; AAPL &lt;/td&gt;
   &lt;td style="text-align:center;"&gt; 13.40 &lt;/td&gt;
  &lt;/tr&gt;
  &lt;tr&gt;
   &lt;td style="text-align:center;"&gt; XOM &lt;/td&gt;
   &lt;td style="text-align:center;"&gt; 13.15 &lt;/td&gt;
  &lt;/tr&gt;
  &lt;tr&gt;
   &lt;td style="text-align:center;"&gt; CVX &lt;/td&gt;
   &lt;td style="text-align:center;"&gt; 12.91 &lt;/td&gt;
  &lt;/tr&gt;
  &lt;tr&gt;
   &lt;td style="text-align:center;"&gt; IBM &lt;/td&gt;
   &lt;td style="text-align:center;"&gt; 12.83 &lt;/td&gt;
  &lt;/tr&gt;
  &lt;tr&gt;
   &lt;td style="text-align:center;"&gt; INTC &lt;/td&gt;
   &lt;td style="text-align:center;"&gt; 12.65 &lt;/td&gt;
  &lt;/tr&gt;
  &lt;tr&gt;
   &lt;td style="text-align:center;"&gt; JNJ &lt;/td&gt;
   &lt;td style="text-align:center;"&gt; 11.98 &lt;/td&gt;
  &lt;/tr&gt;
  &lt;tr&gt;
   &lt;td style="text-align:center;"&gt; MRK &lt;/td&gt;
   &lt;td style="text-align:center;"&gt; 11.91 &lt;/td&gt;
  &lt;/tr&gt;
  &lt;tr&gt;
   &lt;td style="text-align:center;"&gt; NKE &lt;/td&gt;
   &lt;td style="text-align:center;"&gt; 11.75 &lt;/td&gt;
  &lt;/tr&gt;
  &lt;tr&gt;
   &lt;td style="text-align:center;"&gt; KO &lt;/td&gt;
   &lt;td style="text-align:center;"&gt; 11.28 &lt;/td&gt;
  &lt;/tr&gt;
  &lt;tr&gt;
   &lt;td style="text-align:center;"&gt; WMT &lt;/td&gt;
   &lt;td style="text-align:center;"&gt; 10.36 &lt;/td&gt;
  &lt;/tr&gt;
  &lt;tr&gt;
   &lt;td style="text-align:center;"&gt; FB &lt;/td&gt;
   &lt;td style="text-align:center;"&gt; 9.91 &lt;/td&gt;
  &lt;/tr&gt;
  &lt;tr&gt;
   &lt;td style="text-align:center;"&gt; MCD &lt;/td&gt;
   &lt;td style="text-align:center;"&gt; 9.20 &lt;/td&gt;
  &lt;/tr&gt;
  &lt;tr&gt;
   &lt;td style="text-align:center;"&gt; PG &lt;/td&gt;
   &lt;td style="text-align:center;"&gt; 8.83 &lt;/td&gt;
  &lt;/tr&gt;
  &lt;tr&gt;
   &lt;td style="text-align:center;"&gt; VZ &lt;/td&gt;
   &lt;td style="text-align:center;"&gt; 8.11 &lt;/td&gt;
  &lt;/tr&gt;
  &lt;tr&gt;
   &lt;td style="text-align:center;"&gt; TSLA &lt;/td&gt;
   &lt;td style="text-align:center;"&gt; 7.94 &lt;/td&gt;
  &lt;/tr&gt;
&lt;/tbody&gt;
&lt;/table&gt;&lt;/div&gt;
]

---

&lt;img src="apresentacao-mariana_files/figure-html/unnamed-chunk-14-1.png" style="display: block; margin: auto;" /&gt;

---

- Considerando a matriz de adjacência

.pull-center[
&lt;div style="border: 1px solid #ddd; padding: 0px; overflow-y: scroll; height:500px; overflow-x: scroll; width:500px; "&gt;&lt;table class=" lightable-paper" style='font-family: "Arial Narrow", arial, helvetica, sans-serif; margin-left: auto; margin-right: auto;'&gt;
 &lt;thead&gt;
  &lt;tr&gt;
   &lt;th style="text-align:center;position: sticky; top:0; background-color: #FFFFFF;"&gt; Código da Ação &lt;/th&gt;
   &lt;th style="text-align:center;position: sticky; top:0; background-color: #FFFFFF;"&gt; Centralidade de Grau &lt;/th&gt;
  &lt;/tr&gt;
 &lt;/thead&gt;
&lt;tbody&gt;
  &lt;tr&gt;
   &lt;td style="text-align:center;"&gt; MMM &lt;/td&gt;
   &lt;td style="text-align:center;"&gt; 23 &lt;/td&gt;
  &lt;/tr&gt;
  &lt;tr&gt;
   &lt;td style="text-align:center;"&gt; CSCO &lt;/td&gt;
   &lt;td style="text-align:center;"&gt; 22 &lt;/td&gt;
  &lt;/tr&gt;
  &lt;tr&gt;
   &lt;td style="text-align:center;"&gt; HD &lt;/td&gt;
   &lt;td style="text-align:center;"&gt; 22 &lt;/td&gt;
  &lt;/tr&gt;
  &lt;tr&gt;
   &lt;td style="text-align:center;"&gt; MSFT &lt;/td&gt;
   &lt;td style="text-align:center;"&gt; 21 &lt;/td&gt;
  &lt;/tr&gt;
  &lt;tr&gt;
   &lt;td style="text-align:center;"&gt; V &lt;/td&gt;
   &lt;td style="text-align:center;"&gt; 21 &lt;/td&gt;
  &lt;/tr&gt;
  &lt;tr&gt;
   &lt;td style="text-align:center;"&gt; UNH &lt;/td&gt;
   &lt;td style="text-align:center;"&gt; 21 &lt;/td&gt;
  &lt;/tr&gt;
  &lt;tr&gt;
   &lt;td style="text-align:center;"&gt; GOOG &lt;/td&gt;
   &lt;td style="text-align:center;"&gt; 20 &lt;/td&gt;
  &lt;/tr&gt;
  &lt;tr&gt;
   &lt;td style="text-align:center;"&gt; JPM &lt;/td&gt;
   &lt;td style="text-align:center;"&gt; 20 &lt;/td&gt;
  &lt;/tr&gt;
  &lt;tr&gt;
   &lt;td style="text-align:center;"&gt; CAT &lt;/td&gt;
   &lt;td style="text-align:center;"&gt; 20 &lt;/td&gt;
  &lt;/tr&gt;
  &lt;tr&gt;
   &lt;td style="text-align:center;"&gt; DIS &lt;/td&gt;
   &lt;td style="text-align:center;"&gt; 19 &lt;/td&gt;
  &lt;/tr&gt;
  &lt;tr&gt;
   &lt;td style="text-align:center;"&gt; GS &lt;/td&gt;
   &lt;td style="text-align:center;"&gt; 18 &lt;/td&gt;
  &lt;/tr&gt;
  &lt;tr&gt;
   &lt;td style="text-align:center;"&gt; RTX &lt;/td&gt;
   &lt;td style="text-align:center;"&gt; 18 &lt;/td&gt;
  &lt;/tr&gt;
  &lt;tr&gt;
   &lt;td style="text-align:center;"&gt; BA &lt;/td&gt;
   &lt;td style="text-align:center;"&gt; 18 &lt;/td&gt;
  &lt;/tr&gt;
  &lt;tr&gt;
   &lt;td style="text-align:center;"&gt; PFE &lt;/td&gt;
   &lt;td style="text-align:center;"&gt; 18 &lt;/td&gt;
  &lt;/tr&gt;
  &lt;tr&gt;
   &lt;td style="text-align:center;"&gt; AMZN &lt;/td&gt;
   &lt;td style="text-align:center;"&gt; 18 &lt;/td&gt;
  &lt;/tr&gt;
  &lt;tr&gt;
   &lt;td style="text-align:center;"&gt; INTC &lt;/td&gt;
   &lt;td style="text-align:center;"&gt; 18 &lt;/td&gt;
  &lt;/tr&gt;
  &lt;tr&gt;
   &lt;td style="text-align:center;"&gt; AAPL &lt;/td&gt;
   &lt;td style="text-align:center;"&gt; 17 &lt;/td&gt;
  &lt;/tr&gt;
  &lt;tr&gt;
   &lt;td style="text-align:center;"&gt; IBM &lt;/td&gt;
   &lt;td style="text-align:center;"&gt; 16 &lt;/td&gt;
  &lt;/tr&gt;
  &lt;tr&gt;
   &lt;td style="text-align:center;"&gt; XOM &lt;/td&gt;
   &lt;td style="text-align:center;"&gt; 15 &lt;/td&gt;
  &lt;/tr&gt;
  &lt;tr&gt;
   &lt;td style="text-align:center;"&gt; CVX &lt;/td&gt;
   &lt;td style="text-align:center;"&gt; 14 &lt;/td&gt;
  &lt;/tr&gt;
  &lt;tr&gt;
   &lt;td style="text-align:center;"&gt; NKE &lt;/td&gt;
   &lt;td style="text-align:center;"&gt; 11 &lt;/td&gt;
  &lt;/tr&gt;
  &lt;tr&gt;
   &lt;td style="text-align:center;"&gt; JNJ &lt;/td&gt;
   &lt;td style="text-align:center;"&gt; 9 &lt;/td&gt;
  &lt;/tr&gt;
  &lt;tr&gt;
   &lt;td style="text-align:center;"&gt; KO &lt;/td&gt;
   &lt;td style="text-align:center;"&gt; 7 &lt;/td&gt;
  &lt;/tr&gt;
  &lt;tr&gt;
   &lt;td style="text-align:center;"&gt; MRK &lt;/td&gt;
   &lt;td style="text-align:center;"&gt; 6 &lt;/td&gt;
  &lt;/tr&gt;
  &lt;tr&gt;
   &lt;td style="text-align:center;"&gt; FB &lt;/td&gt;
   &lt;td style="text-align:center;"&gt; 5 &lt;/td&gt;
  &lt;/tr&gt;
  &lt;tr&gt;
   &lt;td style="text-align:center;"&gt; PG &lt;/td&gt;
   &lt;td style="text-align:center;"&gt; 3 &lt;/td&gt;
  &lt;/tr&gt;
  &lt;tr&gt;
   &lt;td style="text-align:center;"&gt; VZ &lt;/td&gt;
   &lt;td style="text-align:center;"&gt; 3 &lt;/td&gt;
  &lt;/tr&gt;
  &lt;tr&gt;
   &lt;td style="text-align:center;"&gt; WMT &lt;/td&gt;
   &lt;td style="text-align:center;"&gt; 1 &lt;/td&gt;
  &lt;/tr&gt;
  &lt;tr&gt;
   &lt;td style="text-align:center;"&gt; MCD &lt;/td&gt;
   &lt;td style="text-align:center;"&gt; 0 &lt;/td&gt;
  &lt;/tr&gt;
  &lt;tr&gt;
   &lt;td style="text-align:center;"&gt; TSLA &lt;/td&gt;
   &lt;td style="text-align:center;"&gt; 0 &lt;/td&gt;
  &lt;/tr&gt;
&lt;/tbody&gt;
&lt;/table&gt;&lt;/div&gt;
]

---

.pull-center[
&lt;div style="border: 1px solid #ddd; padding: 0px; overflow-y: scroll; height:500px; overflow-x: scroll; width:500px; "&gt;&lt;table class=" lightable-paper" style='font-family: "Arial Narrow", arial, helvetica, sans-serif; margin-left: auto; margin-right: auto;'&gt;
 &lt;thead&gt;
  &lt;tr&gt;
   &lt;th style="text-align:center;position: sticky; top:0; background-color: #FFFFFF;"&gt; Código da Ação &lt;/th&gt;
   &lt;th style="text-align:center;position: sticky; top:0; background-color: #FFFFFF;"&gt; Centralidade de Autovetor &lt;/th&gt;
  &lt;/tr&gt;
 &lt;/thead&gt;
&lt;tbody&gt;
  &lt;tr&gt;
   &lt;td style="text-align:center;"&gt; MMM &lt;/td&gt;
   &lt;td style="text-align:center;"&gt; 0.24 &lt;/td&gt;
  &lt;/tr&gt;
  &lt;tr&gt;
   &lt;td style="text-align:center;"&gt; CSCO &lt;/td&gt;
   &lt;td style="text-align:center;"&gt; 0.24 &lt;/td&gt;
  &lt;/tr&gt;
  &lt;tr&gt;
   &lt;td style="text-align:center;"&gt; MSFT &lt;/td&gt;
   &lt;td style="text-align:center;"&gt; 0.24 &lt;/td&gt;
  &lt;/tr&gt;
  &lt;tr&gt;
   &lt;td style="text-align:center;"&gt; V &lt;/td&gt;
   &lt;td style="text-align:center;"&gt; 0.24 &lt;/td&gt;
  &lt;/tr&gt;
  &lt;tr&gt;
   &lt;td style="text-align:center;"&gt; HD &lt;/td&gt;
   &lt;td style="text-align:center;"&gt; 0.24 &lt;/td&gt;
  &lt;/tr&gt;
  &lt;tr&gt;
   &lt;td style="text-align:center;"&gt; CAT &lt;/td&gt;
   &lt;td style="text-align:center;"&gt; 0.24 &lt;/td&gt;
  &lt;/tr&gt;
  &lt;tr&gt;
   &lt;td style="text-align:center;"&gt; UNH &lt;/td&gt;
   &lt;td style="text-align:center;"&gt; 0.23 &lt;/td&gt;
  &lt;/tr&gt;
  &lt;tr&gt;
   &lt;td style="text-align:center;"&gt; JPM &lt;/td&gt;
   &lt;td style="text-align:center;"&gt; 0.23 &lt;/td&gt;
  &lt;/tr&gt;
  &lt;tr&gt;
   &lt;td style="text-align:center;"&gt; GOOG &lt;/td&gt;
   &lt;td style="text-align:center;"&gt; 0.23 &lt;/td&gt;
  &lt;/tr&gt;
  &lt;tr&gt;
   &lt;td style="text-align:center;"&gt; DIS &lt;/td&gt;
   &lt;td style="text-align:center;"&gt; 0.22 &lt;/td&gt;
  &lt;/tr&gt;
  &lt;tr&gt;
   &lt;td style="text-align:center;"&gt; RTX &lt;/td&gt;
   &lt;td style="text-align:center;"&gt; 0.22 &lt;/td&gt;
  &lt;/tr&gt;
  &lt;tr&gt;
   &lt;td style="text-align:center;"&gt; GS &lt;/td&gt;
   &lt;td style="text-align:center;"&gt; 0.22 &lt;/td&gt;
  &lt;/tr&gt;
  &lt;tr&gt;
   &lt;td style="text-align:center;"&gt; INTC &lt;/td&gt;
   &lt;td style="text-align:center;"&gt; 0.22 &lt;/td&gt;
  &lt;/tr&gt;
  &lt;tr&gt;
   &lt;td style="text-align:center;"&gt; BA &lt;/td&gt;
   &lt;td style="text-align:center;"&gt; 0.21 &lt;/td&gt;
  &lt;/tr&gt;
  &lt;tr&gt;
   &lt;td style="text-align:center;"&gt; AMZN &lt;/td&gt;
   &lt;td style="text-align:center;"&gt; 0.21 &lt;/td&gt;
  &lt;/tr&gt;
  &lt;tr&gt;
   &lt;td style="text-align:center;"&gt; AAPL &lt;/td&gt;
   &lt;td style="text-align:center;"&gt; 0.20 &lt;/td&gt;
  &lt;/tr&gt;
  &lt;tr&gt;
   &lt;td style="text-align:center;"&gt; IBM &lt;/td&gt;
   &lt;td style="text-align:center;"&gt; 0.20 &lt;/td&gt;
  &lt;/tr&gt;
  &lt;tr&gt;
   &lt;td style="text-align:center;"&gt; PFE &lt;/td&gt;
   &lt;td style="text-align:center;"&gt; 0.19 &lt;/td&gt;
  &lt;/tr&gt;
  &lt;tr&gt;
   &lt;td style="text-align:center;"&gt; XOM &lt;/td&gt;
   &lt;td style="text-align:center;"&gt; 0.18 &lt;/td&gt;
  &lt;/tr&gt;
  &lt;tr&gt;
   &lt;td style="text-align:center;"&gt; CVX &lt;/td&gt;
   &lt;td style="text-align:center;"&gt; 0.17 &lt;/td&gt;
  &lt;/tr&gt;
  &lt;tr&gt;
   &lt;td style="text-align:center;"&gt; NKE &lt;/td&gt;
   &lt;td style="text-align:center;"&gt; 0.14 &lt;/td&gt;
  &lt;/tr&gt;
  &lt;tr&gt;
   &lt;td style="text-align:center;"&gt; JNJ &lt;/td&gt;
   &lt;td style="text-align:center;"&gt; 0.07 &lt;/td&gt;
  &lt;/tr&gt;
  &lt;tr&gt;
   &lt;td style="text-align:center;"&gt; FB &lt;/td&gt;
   &lt;td style="text-align:center;"&gt; 0.06 &lt;/td&gt;
  &lt;/tr&gt;
  &lt;tr&gt;
   &lt;td style="text-align:center;"&gt; MRK &lt;/td&gt;
   &lt;td style="text-align:center;"&gt; 0.06 &lt;/td&gt;
  &lt;/tr&gt;
  &lt;tr&gt;
   &lt;td style="text-align:center;"&gt; KO &lt;/td&gt;
   &lt;td style="text-align:center;"&gt; 0.04 &lt;/td&gt;
  &lt;/tr&gt;
  &lt;tr&gt;
   &lt;td style="text-align:center;"&gt; WMT &lt;/td&gt;
   &lt;td style="text-align:center;"&gt; 0.01 &lt;/td&gt;
  &lt;/tr&gt;
  &lt;tr&gt;
   &lt;td style="text-align:center;"&gt; PG &lt;/td&gt;
